111.790001
110.269997
113.760002
111.75
108.970001
112.489998
110.230003
110.150002
112.029999
112.169998
112.230003
107.089996
111.110001
94.870003
110.43
114.080002
116.099998
116.43
116.040001
114.32
116.040001
112.529999
117.809998
116.529999
114.580002
115.970001
112.949997
117.419998
121.5
122.599998
122.32
123.150002
123.379997
123.089996
125.32
126.199997
121.989998
132.850006
130.970001
129.080002
127.739998
125.720001
126.040001
125.029999
121.940002
123.849998
124.480003
125.889999
124.940002
126.43
126.900002
125.57
125.459999
127.669998
128.860001
127.209999
127.480003
127.489998
127.709999
127.230003
127.720001
127.029999
126.099998
128.190002
129.179993
127.919998
126.699997
128.899994
129.5
129.580002
130.660004
129.860001
130.279999
131.229996
131.860001
130.339996
132.600006
131.600006
130.070007
130
130.690002
128.380005
129.070007
127.410004
126.150002
125.599998
127.389999
126.68
124.769997
126.559998
128.149994
129.5
126.099998
128.639999
130.160004
134.460007
132.309998
130.490005
128.300003
126.989998
128.100006
125.57
125.550003
126.279999
126.410004
127
128.369995
125.949997
125.849998
125.849998
127.639999
124.470001
125.029999
124.82
126.089996
124.050003
124.57
122.760002
126.540001
127.230003
127.120003
128.25
128.75
127
125.900002
123.879997
124.400002
122.309998
124.75
126.410004
127.959999
128.399994
128.580002
129.100006
128.960007
129.25
130
128.789993
131.559998
132.940002
130.020004
128.619995
128.479996
127.629997
127.489998
127.279999
126.059998
122.769997
120.169998
118.550003
120.019997
120.019997
118.5
118.5
118.050003
118.400002
116.32
117.629997
112.419998
113.739998
112.300003
110.260002
108.949997
107.839996
107.029999
110
109.040001
111.43
112.599998
112.669998
109.230003
107.199997
106.540001
108.290001
111.389999
112.82
113.639999
113.790001
112.099998
112.580002
113.230003
112.160004
112.260002
111.870003
107.120003
106.370003
110.699997
110.459999
112.260002
114.410004
110.190002
114.099998
115.989998
115.769997
115.75
113.5
118.809998
119.269997
117.940002
119.07
116.849998
117.510002
114.910004
115.440002
113.940002
114.269997
113.150002
111.800003
109.379997
108.699997
109.019997
108.75
108.599998
109.099998
109.360001
108.220001
108.010002
106.959999
106.650002
105.400002
104.849998
105.18
104.080002
102.839996
103.019997
98.32
97.5
95.550003
97.970001
100.389999
101.330002
100.690002
101.540001
98.760002
99.43
99.949997
99.440002
99.269997
100.589996
100.809998
98.650002
98.529999
100.510002
102.160004
100.599998
101.800003
102.290001
101.93
101.269997
99.800003
102.809998
101.209999
100.410004
98.010002
99.080002
99.300003
98.800003
98.849998
103.099998
103.059998
102.860001
101.589996
101.019997
101.419998
101.790001
100.290001
100.57
100.440002
99.410004
98.489998
97.900002
97.330002
96.150002
96.040001
95.269997
94.260002
94.93
94.75
95.360001
96.370003
94.900002
97.160004
98.440002
99.330002
97.82
96.849998
97.040001
95.419998
94.68
94.989998
93.620003
95.029999
96.970001
96.800003
95.860001
95.360001
93.760002
95.440002
96.269997
94.139999
93.669998
93.870003
93.519997
92.099998
90.82
90.370003
90.209999
90.75
91.32
91.849998
92.290001
92.269997
92.309998
91.510002
92.199997
94.040001
94.129997
94.730003
92.699997
649.900002
646.199997
637.44001
628.459991
633.959984
637.979996
627.849991
626.019989
615.879997
607.25
606.599998
603.830002
604.510017
597.849998
588.629974
594.70002
592.430008
591.999985
587.489975
584.540001
588.249992
595.249992
601.799995
590.140022
592.340019
591.999985
592.639999
593.739998
572.800026
564.529984
568.210014
529.060013
528.309982
525.339981
519.999992
518.049988
520.270012
521.900009
519.000023
530.680023
522.639999
525.190018
528.019989
539.810005
541.390015
542.379997
537.760025
539.230019
538.319984
540.019997
546.520012
541.499977
538.420013
531.929985
529.889992
532.259979
525.899994
527.699982
528.789993
537.440018
534.510017
535.450012
528.360023
531.090019
532.789978
530.919975
530.999977
523.419991
529.079987
517.140007
523.610008
529.38002
523.150024
532.789978
532.989983
544.749985
546
542.469986
534.659981
536.95002
530.610008
518.659988
521.379997
510.060005
506.560005
505.849976
502.610008
495.179985
502.539993
503.950012
508.760002
550.07
554.000023
549.94001
550.910019
540.990005
551.480019
554.900017
553.520012
538.220009
529.910019
539.829979
546.800018
538.809982
544.320015
537.450005
552.860023
555.680008
554.170013
557.460022
563.820007
568.099998
569.889999
568.000023
545.43
549.5
549.700005
555.809998
555.02002
562.849998
562.140022
567
563.580002
560.899994
565.789986
572.650009
565.499992
558.299988
558.000008
549.480026
536.310005
524.11998
521.019989
519.519981
517.599991
519.229988
519.029984
524.990013
526.580009
522.80999
518
517.670006
519.990005
514.580002
519.580009
524.149994
524.580017
521.099991
524.020004
525
519.610023
536.270004
529.039986
531.319984
525
519.000023
526.410019
511.770004
505.990005
499.979988
500.789993
497.510025
489.830009
486.989998
491.319977
484.639984
489.940025
486.559975
483.859993
490.510025
485.63002
478.449989
477.250015
483.779991
486.000015
489.199982
494.880005
496.100006
477.999992
470.700012
463.18
447.959999
460.999977
469.339981
468.500015
467.009995
506.199997
505.000023
498.43998
500.250008
499.560005
493.099991
491.999992
491.650024
486.000015
498.000023
500.749992
503.269997
504.979996
503.590004
509.709984
504.339981
500.149979
496.420013
497.88002
470.940018
456.860016
458.639977
463.860016
463.799988
468.020004
464.689995
458.010002
455.749977
454.990013
449.959991
440.799995
435.300003
440.699993
438.929993
426.000004
429.460003
433.100006
433.380013
429.700008
426.519989
425.009995
427.650002
422.950001
419.599991
413.599987
420.109989
420.389996
420.859993
409.960011
402.689991
391.360012
399.249992
403.900005
405.699993
407.400005
418.490005
419.300011
431.399994
431.559998
431.439995
435.400005
432.499992
439.499992
435.740013
444.729992
436.500004
445.470009
445.650013
453.219986
450.729996
452.500023
445.650013
440.000004
449.900017
440.85001
435.950005
444.050003
438.150002
431.909992
439.049995
423.239994
439.160011
453.850014
451.509987
457.970001
459.80999
459.039986
464.970001
455.709976
451.309982
441.779991
444.459999
435.099998
420.449997
409.809994
411.23
393.540009
403.989994
392.639988
387.970001
404.98999
420.269993
421.569996
427
434.14999
433.719994
428.099998
426.360012
424.849991
424.499996
433.759995
431.370007
427.599987
441.899994
449.820015
456.460007
465.440025
464.689995
454.580017
450.220024
457.419975
459.500023
441.449997
437.929996
432.830013
428.449993
435.60001
429.749996
429.800011
424.499996
434.509998
421.480007
427.799992
438.000011
444.050003
448.430023
443.820011
453.850014
449.250015
446.000008
457.689995
461.100006
468.849983
464.520004
467.209999
479.509987
476.499985
474.000008
463.250015
456.469994
444.050003
453.909988
459.110001
456.980019
456.999992
458.5
437.829994
451.690018
460.000008
508.80999
504.560013
498.519981
510.309998
494.639999
498.300003
502.680023
521.000015
528.549988
522.500023
529.209976
521.999985
536.969994
547.87999
553.819992
510.529976
510.290024
513.539978
519.000023
520.350014
512.469994
530.000008
531.470001
525
508.929993
514.749992
531.149994
547.769974
539.770004
525
553.400009
528.94001
568.910004
581.800018
593.650009
586.789986
590.220024
577.269981
589.549995
575.900017
567.169991
564.249977
571.910019
540.709999
525.200005
537.530006
545.500015
538.910011
554.149986
540.420006
560.629974
573.839996
590.230011
583.520004
595.890007
598.219994
594.879997
609.430023
619.999985
621.440018
631.000023
612.419998
631.050011
639.590019
648.870018
635.370003
632.350014
629.55999
646.499977
639.739983
638.650024
646.880013
665.200005
671.250023
664.860023
661.81002
671.159981
678.750008
664.290024
668.740005
688.260025
686.859993
702.409988
699.159981
700.259979
699.879997
699.349998
689.959984
677.370003
666.849976
665.110016
680.45002
678.050018
673.170013
675.570015
665.760017
667.249985
670.640022
675.250008
674.979988
679.989983
659.509995
666.109985
654.419998
670.82
650.010017
640.000015
631.210014
631.300003
631.870003
623.390022
618.710022
617.849976
619.389984
622.769981
617.290016
613.630013
602.840019
615.910011
603.229988
590.920013
575.01001
579.760025
574.459984
607.37999
594.399986
613.029999
611.279999
606.590012
610.790001
605.120018
602.949982
600.240013
606.119987
617.969978
605.299995
607.089996
600.56002
594.879997
584.730019
577.999985
571.670013
575.000023
571.329979
577.299995
579.040009
585.439995
588.209991
583.400002
570.959984
570.999985
571.23999
574.520012
574.459984
587.719994
571.599998
577.290009
567.770004
561.269989
561.500008
569.159996
580.740021
569.199997
570.900009
564.590012
575.870003
557.500023
569.550018
534.499977
533.959991
545.309998
554.050011
561.45002
562.569992
565.000008
574.579987
563.700005
569.579979
561.500008
577.080017
590.499977
580.239983
584.900009
597.800011
605.069977
614.269974
615.639992
562.609993
570.610016
591.379997
600.219986
613.720001
578.93998
610.059998
624.109985
624.999992
636.199982
639.93
626.130005
626.980011
624.349991
627.300018
601.830009
608.769981
612.780006
618.379974
606.180016
599.790016
600.490005
597.779984
602.73999
599.51001
598.37001
584.719978
599.609985
578.050026
557.540024
548.979988
544.209999
534.689995
536.800003
523.659996
545.420013
544.240013
548.169983
541.560005
527.960014
521.309982
519.669998
515.079987
513.079994
506.880013
503.109993
491.500008
514.259995
504.659988
499.529991
490.960022
480.760002
470.500008
465.250008
458.379997
457.300026
455.899994
458.410011
455.589973
445.709988
444.339996
448.360008
454.439987
425.10001
422.669994
427.489998
430.150005
426.959999
424.199989
419.699993
422.279999
422.680008
425.909988
425.499992
419.770008
414.950005
410.000011
409.399998
403.51001
403.399994
406.890007
403.099987
399.690002
397.000008
396.689987
387.76001
382.470009
380.360001
383.330002
386.700012
392.999996
391.679993
392.850006
391.450001
389.929993
392.509998
393.489994
389.82999
382.539997
381.290009
375.840004
372.349991
368.419994
374.509987
371.02
370.400013
378.919994
383.980003
389.250004
380.800011
383.519993
386.609997
397.029995
396.969994
402.210007
399.910007
402.030003
399.069988
400.090012
397.410004
402.419998
403.000011
407.560009
401.76001
405.029991
396.179989
398.100006
399.999996
401.349987
421.759987
421.740013
416.829994
404.980003
407.340004
392.57
379.090012
375.780003
373.330013
367.860008
374.569988
380.369987
387.119995
401.919987
400.189987
408.729996
399.859993
400.280003
401.030006
419.639992
415.250011
397.000008
395.540001
391.43
387.019993
382.139988
372.999992
383.929989
382.399994
385.560013
367.37001
374.740005
385.819992
390.570007
388.250008
388.179993
371.169991
365.079998
373.46999
360.299995
364.509998
362.169998
370.839996
382.310005
381.52
379.629997
378.069988
370.519989
371.14999
361.299992
361.689987
380.440002
389.410007
390.980003
397.650009
397.779999
387.640007
391.619991
400.589996
399.999996
390.350002
388.319996
386.950005
396.119987
378
365.429993
361.170002
361.009998
358.32999
353.529987
356.340012
353.339996
354.669987
348.949989
343
335.950012
334.699997
336.040001
333.650013
327.590008
331.369987
318.94001
325.159992
316.680012
317.360001
328.990013
326.900005
329.750004
329.999996
327.200012
330.549995
333.250004
331.78001
338.17001
345.700008
343.180004
346.5
348.869987
341.10001
334.799999
335.970013
333.430008
335.499989
329.970009
339.560001
342.080006
336.469997
331.999989
339.199993
345.660007
346.119991
349.020004
348.889988
347.860004
349.690006
348.39999
348.259987
347.989994
349.739994
346.780006
346.190006
352.239998
353.620003
350.340008
355.000008
343.509998
333.099987
326.099987
333.299992
334.799999
335.020004
330.489994
334.060009
339.92001
338.099995
341.220013
336.990009
344.30999
351.110012
346.359997
350.639988
347.66
353.150005
348.069996
341.849987
339.279995
342.55999
335.990013
337.130013
336.830006
342.000004
342.100006
353.179993
345.330013
349.120007
354.689987
354.909992
361.399994
360.070004
357.189991
349.959999
355.470005
351.240002
345.259998
344.019997
338.769997
342.149994
358.709999
357.249992
360.800007
359.19001
356.790009
354.749989
357.389996
355.189999
353.680004
347.889992
343.639988
343.799992
344.449993
341.299988
335.799995
344.169987
343.779991
342.959999
336.329994
326.869991
333.769989
336.429996
348.350002
329.520012
345.889999
345.159996
343.249992
344.87999
338.829998
333.989994
334.719997
329.549999
332.439999
325.640003
322.950008
325.48
326.21999
325.909996
322.850006
324.999989
324.360001
322.999996
321.599991
321.630005
321.089993
320.000008
321.730007
324.369987
319.650013
322.12999
319.630013
323.799988
318.640003
317.010006
317.529991
315.269993
313.539993
315.500011
313.739998
312.000011
310.449989
306.679996
307.970013
305.199989
301.200005
305.720001
308.460011
315.999996
315
316.640011
321.049992
317.199997
317.990002
315.449997
311.37001
307.000004
302.220001
304.230007
307.950012
307.650005
306.869987
309.090012
309.070011
312.359993
308.999996
303.400002
318.470013
307.439987
301.690002
300.200008
295.409992
294.73999
291.709988
290.339996
289.589993
281.999992
281.60001
286.149994
288.999992
287.229992
291.769989
293.98
292.10001
286.329998
282.709995
283.860008
276.07999
277.689987
270.23999
268.17001
266.209991
265.819996
263.190002
265.040005
259.779991
256.639999
255.090004
251.26001
247.46999
241.849995
240.76001
241.749992
245.449997
238.040001
242.669987
251.790009
249.390007
252.839993
252.360008
250.080009
247.580006
251.650005
246.689999
255.399998
259.850006
261.480003
259.779991
261.729996
262.840008
261.010006
260.440006
255.889996
260.709999
263.669987
260.870003
259.999996
257.089996
257.679996
265.089993
242.900005
249.880005
253.18
248.230007
249.379993
256.319992
258.530003
256.889992
262.48
250.490005
251.000004
250.490005
254.299999
256.709988
264.12001
266.930008
270.060013
271.000008
274.580009
272.160007
277.689987
272.249996
270.599998
261.099995
255.640003
255.960011
248.230007
244.839996
251.470001
253.240002
258.289997
258.209995
265.180008
264.539993
259.690002
259.389996
250.599995
250.080009
239.349991
247.279999
232.819988
241.880009
249.499996
256.980007
254.700008
255.159992
263.21999
259.240005
251.839996
250.25
243.710011
253.830002
253.03001
262.889996
263.840004
269.310009
263.020012
263.250004
267.269989
271.880001
267.990005
258.240009
258.799995
248.540001
247.030006
248.569988
245.779991
245.280006
241.860008
242.199989
241.430012
240.440002
239.549995
238.200005
234.980011
237.41
235.490009
236.599995
232.999992
228.949993
230.919998
227.640003
225.640011
220.469999
224.790005
224.100002
224.899994
224.180004
225.380005
227.37001
223.909998
223.829996
218.310003
220.010002
214.940006
209.279997
208.940002
209.929998
205.749996
202.379999
197.380005
198.229998
199.999998
202.339998
201.860001
201.629995
204.190001
201.940002
198.109995
194.880001
195.889997
196.419996
195.690006
192.630003
196.730003
195.169994
195.909998
192.369997
201.079996
204.930004
206.849995
205.950001
202.510002
206.780006
212.079994
214.910006
208.330002
210.929995
210.110003
207.870005
209.189995
212.799997
210.299994
211.75
214.379993
214.599998
213.429998
213.130005
208.83
212.629993
211.719999
203.549999
201.199999
199.439999
196.050001
193.170002
194.26
195.100006
195.829996
195.369999
197.780001
199.5
191.279999
189.359995
193.320005
199.700005
197.420006
198.960001
202.239996
201.109997
199.219994
205.400002
205.33
203
199.150005
204.609997
206.540001
206.080004
205.480003
202.869997
203.140003
204.559996
201.019995
196.939995
192.51
192.399998
190.73
187.85
189.800005
196.060001
195.000004
197.709999
201.659996
203.670002
205.699995
204.699999
199.52
200.599998
187.85
189.349995
189.630001
192.249994
190.629997
191.020006
188.969999
190.659998
189.760004
187.739998
186.200003
181.41
185.349997
186.130001
186.730001
183.870003
182.01
187.199999
185.399998
185.190006
184.289999
185.829994
181.98
177.990002
174.040005
170.829998
172.910006
172.059999
172.780003
172.979994
167.279997
166.440004
164.620003
167.99
168.160004
172.270004
168.750004
168.919994
169.459993
170.119995
167.650005
164.979998
162.75
161.630001
163.550005
167.939999
166.649996
162.549995
163.689995
165.66
165.489996
165.579998
165.750002
164.929996
165.210003
162.990005
161.700003
158.900005
158.880005
160.169994
156.950001
156.629993
157.790007
153.289997
153.269997
149.079994
145.759998
145.039995
142.030006
139.540003
136.339996
137.760002
135.92
138.480005
138.699997
141.250002
143.5
142.580006
143.459999
139.789995
135.749996
135.420002
136.399998
140.670002
138.069996
136.110004
136.670004
136.660004
136.010002
138.809999
139.550003
142.279999
143.809994
143.819994
145.310001
140.130003
140
138.990004
136.469999
135.390001
133.449997
131.779999
124.759998
124.049995
125.149994
127.629997
126.820005
123.730001
122.319996
119.780005
123.210003
129.560001
127.370005
129.040003
132.329998
133.329994
131.749998
128.239998
125.799995
126.220005
124.85
123.350006
122.899996
124.639996
126.620001
122.630003
118.889997
121.729996
121.179996
119.190004
117.199999
119.57
120.009996
118.42
115.429998
116.529997
114.940001
114.189997
110.139997
104.089999
105.449997
104.510002
108.23
107.829998
107.579999
106.359998
102.710001
102.09
101.850001
99.909997
95.239997
96.53
96.300001
92.899997
89.809999
84.87
84.179997
88.339999
90.460001
90.180001
88.929999
88.120001
87.930003
92.000003
89.860001
87.449999
91.650002
89.399997
93.370001
95.049999
96.870001
98.990003
95.829997
96.370003
101.330003
99.999999
97.019998
92.77
93.219997
91.920001
89.100003
92.600003
93.090001
92.119999
90.190001
88.859998
86.819998
88.039999
79.390001
81.929999
84.3
80.570002
86.239998
88.239997
90.460001
93.209997
90.43
91.809999
95.95
93.170003
85.880003
85.969998
87.419998
86.519998
86.64
86.140002
86.869999
90.019998
89.940002
89.310001
91.030001
93.980001
95.990001
92.800001
97.349998
97.869997
98.040001
97.279997
90.349998
94.429998
89.399997
90.029998
91.3
94.699998
89.920002
94.630003
85.210001
81.929999
85.240002
89.439998
89.640002
88.480002
93.760003
89.870001
92.429999
94.81
100.170003
99.240002
101.050003
108.910003
109.990001
105.930001
107.400002
108.23
100.859999
95.430001
95.07
90.329998
96.509999
97.369999
96.950003
99.780001
99.600003
99.77
103.84
116.260004
104.550003
85.699999
93.35
85.909997
100.479997
91.960002
103.999997
108.010002
111.919998
108.250001
119.620001
124.910002
129.799994
127.270002
131.85
139.939999
142.600006
130.569998
138.490005
133.860006
142.030006
150.909996
148.18
152.320002
156.859999
164.570002
158.589998
165.860004
166.84
172.399994
172.959993
175.280006
173.310001
172.760002
176.15
175.820005
174.470001
174.769995
174.540003
175.57
179.039999
178.329996
177.980001
173.520006
170.069994
163.859999
162.709999
159.970003
155.420006
156.600006
159.900002
157.540001
157.780006
155.410006
162.340004
160.4
164.319996
164.989998
149.000006
166.900002
168.519999
174.100006
170.199997
172.479996
179.240004
175.469997
174.919998
180.199999
175.399996
173.159998
169.589996
175.200005
164.229994
170.189997
166.510006
174.070005
174.610004
172.370007
174.739994
179.350006
178.550001
181.120007
178.100004
171.299995
171.640003
181.490002
184.34
180.510006
184.789997
188.000004
186.340006
184.020006
186.860004
188.600004
187.450005
186.760002
187.410004
182.750004
180.769999
179.260004
185.670004
181.819996
187.860001
190.109999
186.810003
191.229998
188.610004
185.209993
183.16
183.77
186.049999
184.659994
181.919998
180.189999
174.959999
176.190001
171.110004
169.75
170.699995
165.340006
164.050003
167.4
162.210001
159.119997
154.170004
151.720001
149.400002
146.769995
152.719997
151.130001
153.309998
153.550003
156.129995
152.189999
147.060001
148.780001
146.299997
143.269995
141.800001
144.950006
140.870007
139.959999
134.009996
131.119997
133.120003
129.180006
122.550001
129.879995
124.099997
127.039997
124.099997
121.980001
120.410006
124.609995
123.579998
121.990002
124.440004
129.289995
127.200001
118.229996
117.639996
118.590004
122.48
126.050001
122.200006
125.99
126.270006
129.399998
126.680002
130.700001
128.010006
122.080004
119.969995
130.830004
130.429995
134.210001
136.239994
129.449999
131.370003
131.149998
128.159996
138.990004
139.99
136.190006
148.059998
161.710003
161.509998
165.230003
177.719995
177.520004
175.999996
177.580006
171.299995
180.139997
181.249996
191.450003
195.41
199.269995
199.5
200.589998
198.950001
199.010002
195.030005
190.119999
185.429998
182.979996
186.519997
190.719999
190.370005
190.190001
193.439995
194.749998
193.589998
190.539995
186.190002
182.889994
177.149996
181.859997
187.340002
179.429995
176.820002
175.220005
173.589994
171.999998
165.840004
165.67
166.099997
165.300005
166.390003
177.159996
160.849997
165.280005
171.150005
186.67
190.609997
187.049995
185.289995
189.210005
188.600004
187.629995
186.180002
185.449999
185.289995
184.869999
185.809994
188.560003
170.35
174.239996
171.5
172.690001
165.539997
167.98
163.010006
169.489994
167.550003
170.199997
163.490004
158.370007
157.999998
157.780006
156.550005
154.630001
153.440001
153.769995
154.469997
146.839996
146.729994
141.139999
140.150003
143.020002
139.060005
138.990004
136.570002
138.83
135.990002
137.900005
136.989998
132.010004
135.560005
144.969994
139.939999
139.490002
132.670006
129.879995
130.989994
133.389996
130.529997
133.090002
131.219999
122.209993
123.959993
122.010002
117.009995
122.740005
128.289999
128.32
123.120001
131.109997
136.760006
134.940004
132.899998
135.259998
136.650003
133.640001
142.970001
144.330006
146.189995
145.910002
137.350006
138.880001
143.309996
141.649998
140.299994
138.189999
138.300001
138.390003
135.030006
133.850006
132.070005
128.879999
132.379999
133.130003
128.799997
122.000002
121.049994
121.970001
122.359997
120.609997
123.979994
124.189999
123.850004
121.699995
123.870005
124.689997
123.280005
120.619997
117.199999
121.149996
119.349995
126
125.819996
124.990004
122.299995
121.410002
118.630005
121.099995
120.069998
114.299999
114.450003
112
112.810005
114.020006
112.489998
110.310001
110.23
107.150002
108.530001
109.569998
109.619999
107.740003
106.629997
104.909998
103.469998
101.079997
100.799997
100.730002
99.649998
99.590003
100.090001
98.179997
101.580002
94.23
93.960001
91.59
90.889997
90.190001
90.160001
92.000003
90.569997
90.899998
92.039997
93.9
93.670001
95.210003
94.119998
94.939997
94.139998
94.139998
94.280002
94.19
94.880002
95.710001
93.990002
93.35
93.730002
91.990003
91.350001
90.240003
89.54
89.960003
88.599998
89.409997
88.07
88.800003
88.589998
88.049999
87.8
85.890003
86.770003
84.030001
82.999997
86.299999
89.84
89.159998
90.800002
85.979999
84.650002
85.250002
85.44
84.630001
85.16
84.430003
85.880003
85.429999
84.479998
84.449997
84.3
84.120003
86.229998
84.86
86.430002
86.299999
87.109998
87.109998
86.680001
85.73
89.139997
88.629999
92.099998
97.560003
95.68
94.590002
95.94
94.749999
86.450003
85.959998
85.77
84.050001
86.289999
83.949999
80.22
78.15
82.149998
83.460001
84.700003
86.470003
84.729997
87.630003
89.020001
89.050002
87.949997
88.609999
88.899999
87.23
90.029998
90.639998
91.650002
91.88
91.799998
92.210001
92.999999
90.359999
92.510001
89.53
88.990001
87.419998
85.399999
85.139999
84.87
85.049997
84.799998
83.220002
83.550003
82.900002
80.020002
80.449999
78.949998
79.360001
78.919997
81.1
81.450002
79.990002
81.750002
81.899999
81.349999
81.210003
79.990002
78.969998
79.259998
74.750002
75.040002
75.189999
75.630002
73.610003
73.419998
74.539997
73.8
74.420001
74.529997
74.1
74.450002
75.100003
77.110003
77.02
77.169997
76.180001
73.81
74.299998
75.25
74.38
74.1
73.8
74.599998
73.719998
72.849998
72.809998
72.430002
73.369997
70.6
71.079998
68.970003
68.479999
67.279998
67.339999
66.989998
68.499999
67.339999
67.889998
68.000001
66.679997
67.299998
67.710001
68.000001
67.1
65.34
64.049997
63.229999
63.249999
65.430002
67.09
67.720001
67.049999
67.909999
67.65
67.220003
66.830001
63.940001
64.500001
61.999997
61.779999
61.26
59.820001
60.96
52.960001
53.159998
51.729999
52.5
52.029999
55.170001
55.11
55.7
55.480001
57.089998
57.15
57.520001
57.590003
56.759997
57.290003
59.089997
59.169999
59.719998
58.199997
57.74
57.609997
57.830002
58.960001
57.300003
58.279999
57.609997
59.399998
61.179998
58.440002
60.1
60.220003
61.149998
62.99
59.850001
61.759998
63.29
64.310003
64.260002
62.99
64.860003
63.87
63.259999
65.680001
64.709999
68.100003
67.37
67.849998
70.789998
71.290003
71.820002
72.990002
71.860003
71.220001
71.830002
70.149997
70.769998
69.379999
67.730001
66.649997
65.960001
66.850001
68.189999
69.510002
66.820001
65.04
66.51
66.340003
68.010001
68.989997
70.29
70.930001
68.300001
64.709999
62.099999
63.670002
63.249999
62.820003
59.129998
59.630003
60.349999
60.249997
61.82
62.160001
61.809999
65.219997
64.75
66.850001
67.710001
65.770003
65.05
64.049997
65.980001
66.290002
65.760003
67.690001
69.4
68.989997
68.84
71.580003
71.989999
72.140002
71.790001
68.999997
70.59
70.3
69.909998
67.160002
65.100001
66.630003
65.180003
69.099999
68.489999
68.27
72.02
72.239998
75.100003
74.95
75.499999
71.17
72.950001
74.529997
77.390002
78.76
76.099999
79.279999
81.249997
83.079999
85.699999
84.990003
84.970002
83.840003
76.250003
76.73
75.25
74.829997
75.129997
72.380001
70.910001
73.78
74.470002
73.999998
74.170002
73.910003
72.599999
71.629997
71.109999
72.140002
72.680001
72.529998
74.849998
74.869998
74.210003
73.2
74.229997
73.930003
71.949998
72.269999
68.950003
68.429997
69.99
70.720003
67.66
66.880002
64.840002
64.820002
65.309999
65.589999
63.149997
61.600001
61.54
61.54
60.639999
59.999998
59.949997
60.849998
60.349999
60.259997
57.719999
57.240002
55.199998
56.040001
56.990003
56.28
56.400002
55.25
56.839999
54.469998
52.07
53.25
53.98
54.030002
49.44
48.649999
51.230001
51.76
51.719999
53.199999
54.329998
54.949999
54.160001
52.329999
51.230001
53.07
53.919999
54.030002
52.100001
51.879999
52.960001
52.990001
51.05
50.230001
50
51.06
51.02
51.100001
50.070001
49.350001
49.050001
46.700001
46.300002
47.000001
46.860001
45.990001
45.270001
46.120001
46.120001
45.599999
45.850001
46.150002
46.280001
46.909999
46.400001
47.39
46.479999
43.46
43.389998
43.999999
42.930001
43
42.490001
42.89
43.190001
42.89
42.57
43.559999
43.849999
43.829998
44.009999
43.989999
43.44
43.699999
42.86
41.519999
41.41
40.97
40.789999
38.289999
38.23
38.37
37.869999
36.810001
37.709999
36.549999
36.829998
36.61
37.230001
37.49
36.839999
39.09
38.830001
38.260001
37.719999
37.849998
38.469999
37.19
36.869999
35.920001
35.89
37.400002
36.999999
36.630001
37.599999
38.329999
38.159999
40.049999
39.889998
40.659999
40.639999
39.94
39.5
39.449998
37.849998
37.250001
35.780001
35.45
35.14
34.56
34.199998
35.42
35.200001
36.75
37.279999
36.89
37.250001
36.109999
36.399999
36.210001
36.15
36.289999
35.89
36.780001
36.490001
36.839999
36.399999
37.660001
36.6
35
36.62
38.81
42.949998
42.490001
44.149999
43.699999
42.330001
42.399999
41.219999
40.99
42.089999
42.45
42.070002
42.559999
42.75
42.910001
42.45
43.709999
43.289999
43.33
41.529999
41.209999
40.639999
40.52
40.209999
39.53
39.639999
41.900001
42.800002
42.760001
44.370001
44.250001
44.989998
44.680001
89.620002
88.480002
86.720002
86.299999
87.739999
90.649999
88.150002
86.660001
82.729998
79.859999
78.719999
81.039999
79.070001
78.929997
77.87
79.100001
77.950002
77.050001
74.579998
72.62
72.160003
72.660001
71.369998
70.980002
71.310003
69.649999
70.489998
69.850003
70.249999
73.709998
65.450003
68.25
69.830003
64.999999
64.669998
64.46
63.789998
64.780001
64.890003
64.810001
63.809999
63.3
64.800001
63.749997
63.660002
63.559999
65.470003
66.840001
66.149999
65.239998
65.400002
65.62
65.03
62.810002
63.080002
65.93
64.250002
64.530002
66.129998
67.790003
68.789999
68.950003
65.35
61.689997
62.299997
61.799999
55.489998
54.300001
55.190001
55.160001
55.199998
55.010001
54.949999
53.95
54.23
54.27
54.860001
55.030001
54.369999
52.400001
52.5
51.840002
49.979999
48.509999
47.450001
47.199999
47.54
47.479999
47.179998
48.099999
44.699998
44.879999
43.190001
38.869998
38.5
38.8
39.560001
40.54
39.5
38.560001
39.179999
39.120001
39.000001
37.93
37.46
36.950001
37.449999
37.04
38.100001
37.75
36.88
36.549999
35.200001
35.360002
35.239999
35.88
35.659998
36.099998
35.699999
35.399999
35.01
35.500001
34.300001
34.069999
34
34.679999
33.039999
31.869998
31.260001
30.859999
30.709999
31.51
30.510001
30.579999
30.999999
30.599999
30.449999
31.100001
30.390001
29.849999
30.9
31.81
31.19
31.449999
31.179999
32.65
32.469999
32.309999
31.8
30.849998
31.530001
31.250001
32.420001
31.95
32.010002
32.8
32.66
28.86
29.249999
30.02
30.269999
30.129999
30.849998
31.270001
30.48
32.1
32.560001
32.07
34.180001
33.069999
33.509999
33.000001
32.300002
33.12
32.66
32.560001
30.660001
30.540001
30.650001
30.2
30.090001
29.989999
29.04
28.559999
28.72
28.030001
27.79
28.079998
28.460001
28.330001
27.5
27.29
26.9
26.63
27.4
26.97
26.7
27.25
27.099999
26.790001
26.4
26.27
26.55
26.4
26.200001
25.97
25.999999
26.710001
26.45
26.82
27.239999
27.58
27.7
27.56
27.599999
28.210001
28.119999
29.15
28.819999
26.74
27.98
27.5
27.880001
27.609999
27.71
27.48
27.749999
26.89
27.92
27.740001
27.370001
27
26.140001
25.269999
25.88
25.37
25.559999
25.94
25.96
26.55
27.029999
27.319999
27.27
27.04
25.9
26.62
24.95
23.93
23.599999
24
24.099999
22.96
22.88
22.279999
22.139999
22.340001
22.499999
23.33
23.18
23.1
23.85
23.61
23.089999
22.62
22.62
22.45
21.82
22
22.3
22.46
22.649999
22.630001
22.84
23.04
22.46
22.420001
22.560001
22.700001
22.67
22.89
22.91
24.399999
24.7
23.25
23.229999
22.84
22.1
22.25
21.42
21.549999
21.35
21.180001
20.91
20.35
19.720001
19.92
19.650001
20.19
19.9
20.080001
20.19
21.49
21.320001
20.25
20.450001
21.170001
20.78
20.899999
20.94
21.540001
21.6
21.039999
20.78
20.890001
21.23
20.5
20.34
20.099999
20.56
21.21
21.35
22.48
22.069999
21.479999
21.900001
22.45
23.19
22.91
22.82
23.070001
22.83
23.299999
23.99
23.510001
22.560001
22.75
22.560001
22.73
22.939999
23.309999
22.6
23.379999
23.800001
24.85
24.319999
23.730001
23.5
23.299999
23.25
22.050001
21.67
20.99
20.8
20.71
21.09
21.49
20.300001
21.339999
22.209999
22.02
22.18
22.88
22.1
22.37
22.209999
22.81
22.51
22.25
22.25
22.53
22.48
22.73
23.159999
22.799999
22.66
22.200001
21.329999
20.91
20.749999
20.78
21.81
21.030001
20.18
20.370001
19.860001
20.019999
20.21
19.860001
19.76
19.82
20.11
19.729999
20.06
21.35
20.529999
21
20.740001
20.77
20.99
21.5
20.41
21.039999
20.950001
20.87
20.69
20.899999
20.19
19.97
20.019999
20.010001
19.659999
19.879999
20.21
19.52
19.27
18.999999
19.03
18.87
18.68
19.299999
18.700001
18.859999
19.47
19.299999
19.350001
19.359999
18.45
18.410001
17.600001
17.750001
17.549999
17.15
16.889999
16.940001
17.74
17.450001
17.3
17.44
18.1
18.119999
18.29
18.5
17.960001
18.21
17.890001
17.79
18.1
18.53
18.59
18.6
18.83
18.43
18.15
18.330001
17.7
17.329999
16.12
14.769999
14.460001
14.250001
13.93
13.98
13.48
13.46
13.52
13.53
13.18
13.13
13.2
12.99
13.59
13.71
14.049999
14.2
14.52
14.51
14.849999
14.52
14.559999
14.36
14.2
14.329999
14.400001
14.320001
14.549999
14.409999
14.67
15.09
14.93
15.069999
15
14.89
14.680001
14.470001
14.170001
14.36
14.51
14.470001
14.58
14.610001
14.74
15.01
14.86
14.57
14.989999
14.680001
14.86
14.82
14.849999
15.069999
14.75
14.610001
14.409999
14.27
14.5
14.259999
14.549999
14.36
14.71
14.45
14.409999
14.189999
14.980001
14.549999
14.24
13.68
14.24
14.049999
13.98
14.21
14.559999
14.21
14.59
14.690001
14.900001
14.58
14.619999
14.58
14.79
15.03
14.8
14.36
14
14.08
14.31
14.42
14.44
14.16
14.29
14.53
14.8
14.849999
14.81
15.139999
15.51
15.3
14.75
14.94
14.65
15.03
15.18
15.200001
15.9
15.789999
15.6
15.850001
16.03
16.089999
15.9
15.3
15.55
16.19
16.229999
15.9
15.499999
15.32
15.74
16.009999
16.940001
17.08
16.75
16.5
15.939999
15.99
15.490001
15.569999
15.55
14.690001
15.02
14.629999
14.470001
14.259999
14
14.21
14.86
15.22
14.549999
14.250001
13.63
13.54
13.9
13.97
14.36
14.180001
14.329999
14.59
14.400001
14.49
15.1
14.690001
14.400001
14.760001
14.619999
14.75
14.690001
14.57
14.14
14.13
14.2
14.339999
14.409999
14.28
14.51
14.22
14.2
14.49
14.73
14.65
14.8
15.710001
15.95
15.9
16.2
16.009999
15.97
15.780001
15.45
15.25
14.67
14.900001
14.900001
15.25
14.769999
15.09
14.21
14.51
14.74
15.11
15.4
14.849999
14.479999
14.460001
14.93
14.329999
14.900001
14.75
14.699999
15.499999
16.13
18.15
17.43
18.550001
17.26
17.71
18.09
18.52
17.71
16.809999
17.029999
17.71
17.099999
16.79
16.800001
17.399999
16.77
16.97
17.170001
17.37
20.42
20.239999
19.24
20.019999
20.41
21.64
21.479999
21.760001
22.96
22.83
22.88
23.39
24.090001
23.77
23.92
23.69
24.99
24.450001
23.369999
24.829999
24.57
25.489999
25.059999
25.37
24.450001
23.519999
24.29
24.249999
23.2
22.939999
23.35
23.57
23.809999
24.29
23.889999
23.159999
24.28
23.56
24.3
24.539999
24.839999
25.489999
25.5
25.929999
25.15
25.059999
25.01
25.03
24.21
24.59
24.160001
24.95
23.669999
24.05
24
23.379999
23.7
23.35
23.2
24.07
24.22
23.86
24.66
24.689999
24.95
24.460001
24.3
24.37
24.51
24.600001
24.74
24.06
23.48
24.15
23.26
21.93
22.15
23.940001
23.91
22.850001
21.66
22.920001
22.77
23.76
24.530001
25.049999
24.73
24.66
23.93
24.399999
24.65
25.6
25.09
24.319999
24.34
24.160001
23.070001
23.220001
23.4
22.89
22.91
21.8
22.270001
22
21.96
21.409999
21.320001
21.01
21.390001
21.22
22.799999
22.75
23.720001
23.34
23.000001
22.050001
22.51
21.970001
21.58
21.35
20.899999
21.01
21.400001
20.58
20.890001
20.4
20.73
21.49
21.87
22.67
22.289999
22.46
23.48
22.359999
21.049999
21.06
20.47
20.599999
20.85
21.2
19.940001
19.710001
19.61
19.82
18.999999
19.27
19.45
19.589999
19.079999
18.66
18.6
19.63
19.46
18.96
18.840001
18.52
17.65
17.73
17.380001
18.569999
18.859999
18.44
18.059999
19.12
18.21
17.94
17.29
18.339999
18.09
17.95
17.310001
16.92
16.1
16.05
15.569999
15.4
15.349999
14.95
15.429999
15.490001
15.710001
15.25
15.81
16.140001
16.11
14.8
16.290001
16.5
16.9
16.000001
17
17.5
18.400001
18.24
18.5
17.73
17.74
18.44
18.9
18.6
18
18.199999
17.94
18.14
18.14
18
18.269999
18.76
19.200001
19.1
19.04
18.96
19.26
19.33
19.04
19.89
19.650001
19.01
19.27
19.12
18.75
18.480001
19.12
19.39
20.089999
19.7
21.23
21.779999
23.98
24.88
24.13
23.299999
21.030001
22.95
22.09
22.76
23.599999
23.510001
23.64
23.660001
23.05
23.83
23.34
22.499999
22.48
21.549999
20
20.85
20.41
20.099999
20.04
21.42
19.77
21.049999
21.65
20.71
20.93
20.8
21.08
20.13
19.799999
20.76
22.32
23.2
23.290001
23.75
24
23.63
23.360001
24.23
23.26
23.369999
22.89
23.009999
24.21
24.14
25.349999
25.620001
24.240001
25.97
26.34
25.410001
26.7
25.199999
25.17
24.21
24.329999
24.34
24.93
25.550001
21.57
21.2
22.09
21.42
22.98
20.899999
20.69
20.8
20.599999
19.76
21.36
22.09
22.55
21.769999
22.08
21.94
23.13
22.062499
20.375001
19.7812
20.7187
19.75
18.999999
20.875
18.5
18.875
19.6875
20.625
20.6875
21.3125
20.7187
19.375
18.3125
17.8125
19.375
19.281201
19.062501
18.625001
19.062501
18.25
19.1875
18.999999
19.6875
19.1875
19.937501
19.062501
20.5
20.5625
20.6562
20.156201
20.5
21.125
20.6875
21.5
21.5625
19.5625
19.500001
20.5625
20.625
19.3125
19.062501
19.437499
17.8125
17.5625
17.4375
17.875
16.25
16.6875
16.812499
16.9375
16.9375
18.1406
14.5
14.875
14.687501
14.375
14.343699
14.875
14.125
14.250001
13.7812
14.375
14.5625
14.5625
15.0312
15.562501
15.25
15.1875
14.8125
14.4375
14.624999
16.9375
17.1875
17
16.6875
18.0937
18.6875
19.874999
18.8593
18.8125
19.1875
18.5937
19.1875
19.500001
20.031199
19.937501
18.75
19.3593
19.874999
21.375
21.5
22.4375
23.000001
21.125
19.437499
19.75
19.125
18.875
18.8125
19.062501
20.6875
20.265601
19.062501
19.156199
19.437499
21.687501
22.3125
20.25
20.312499
20.125
21.624999
22.625
22.6875
23.5
22.375
24.9375
26.6875
28.187501
49.3125
51.75
53.312499
52.749999
50.3125
58.499997
59.406199
59.749999
55.25
57.75
58.562502
56.749997
57.343702
58.687498
61.625002
59.124998
61.375003
62.6562
61.312498
58.968699
59.000002
57.875003
57.250002
56.499998
54.671799
51.468701
50.625
50.249999
51.375001
48.374999
46.875001
47.25
47.593699
46.843699
48
48.125
47.937499
47.875001
49.468699
45.562501
49
50.3125
49.156199
52.2812
50
49.843701
50.3125
52.562501
54.359302
55
55.187501
58.499997
58.249998
57.124999
58.499997
58.125002
57.000003
54.093701
52.5937
52.5
53.25
52.125001
52.8125
53.0625
53.312499
53.781201
52.5
53.781201
55.750001
50.500001
98.499998
90.5625
93.499997
91.249999
94.687501
91.187501
96.375003
96.749998
97.624998
93.625
91.9687
93.312503
93.750003
81.750002
86.874999
87.625003
87.999998
88.500003
86.1875
90.500002
93.750003
99.250002
103.000001
103.625002
104.515603
108.0625
106.000003
101.374997
104.062502
110.312498
112.0937
110.812503
115.124998
118.937502
123.250004
124.874994
127.125006
117.187502
126.624994
122.124998
115.000002
123.687504
126.187494
123.499996
109.500003
109.312502
111.500002
119
123.499996
131.6875
127.250002
130.625006
126.468702
132.624998
135.500004
127.437496
133.562496
139.375006
137.250004
137.625006
142.437506
142.000006
132.781197
122.562498
123.499996
120.125006
117.312498
115.624996
121.218702
122.124998
121.687498
120.874996
122.875002
126.4375
126
124.874994
126.999996
118.5625
113.562506
110.124997
114.812494
117.312498
113.234301
110.124997
114.625
115.187496
117.749998
115.249994
109.312502
113.625004
112.875
114.125002
114.000006
108.000002
103.937499
100.312503
100.750003
103.999997
101.000002
108.187503
108.812497
110.000001
105
108.437502
114.249998
115.5
105.625001
101.000002
99.999999
94.484299
94.999998
95.937503
101.999998
96.499999
106.124999
103.749998
108.250001
104.874997
100.937497
102.187499
96.812503
99.124999
104.374999
101.812497
102.874998
98.187501
99.562499
100.874999
98
93.249998
98.375002
102.390601
105.312497
110.999997
116.250004
116.562494
114.562502
112.187494
103.124997
101.000002
98.125003
94.250001
94.749999
92.999999
91.749997
91.749997
89.499999
91.062498
90.687503
89.999997
89.625002
91.937498
91.593699
88.249997
94.374997
87.749999
84.625001
82.062499
81.624999
78.000003
80.000002
78.812498
77.062498
74.375
74.937503
74.249997
77.125003
72.562502
70
71.624997
73.875002
71.124999
69.250003
66.625003
67.874998
66.000002
66.187503
68.437501
69.374999
65.625
62.374999
62.125
59.562498
60.249997
61.499999
66.374997
63.375002
71.124999
69.750001
73.187503
77
77.312497
76.062502
78.875003
74.718699
77.062498
75.999997
75.499999
76.187498
73.749999
71.937501
67.624999
66.999998
62.593702
64.999999
62.750001
61.124997
60.687497
60.375
59.374997
59.250001
59.812497
60.062503
60.312502
59.812497
60.624999
59.0625
56
54.000001
54.3437
54.062499
53.5
55.187501
56.749997
55.625001
54.499999
53.375
53.875001
52.625
52.874999
52.8125
53.624999
54.062499
54.5625
53.9375
53.624999
55.875
54.499999
53.5
55.499999
54.499999
51.124999
47.375
45.9375
45.531199
46.312499
45.687501
42.718701
42.4375
42.500001
43.625
45.0625
46.312499
47.000001
45.375
47.624999
46.375
45.1875
46.5
48.125
47.875001
47.437501
48.750001
48.125
47.624999
46.875001
44.5
44.999999
43.3125
43.1875
41.750001
41.5625
43.625
43
45.437499
45.5
44.812501
43.75
45.125001
46.437501
44.874999
44.874999
46.749999
44.625
46.562501
46.312499
48.25
46.0625
43.999999
43.249999
44.625
43
39.5
36.249999
35.062501
34
33.875001
35.687499
35.875
35.374999
35.249999
36.3125
35
36.249999
36.875
38.0625
36.812501
36
36.062501
36.375001
35
33.499999
33.750001
34.374999
33.25
34.4375
34
35.937501
34.374999
35.937501
35
33.312501
32.312499
32.25
34.187501
34.312501
33.25
34.312501
34.499999
34.750001
34.125
34.812499
36.500001
37.3125
38.8125
38.562501
37.375001
36.249999
37.562499
38.125001
38.874999
39.125001
38.749999
36.875
37.9375
36.687499
38.250001
40.187499
39.000001
40.375
41.6875
41.187501
40.875001
41
39.9375
39.25
37.687501
40.437501
41.062499
41.937499
41.812499
45.5
42.875
46.312499
45.749999
46.562501
42.249999
44.124999
41.937499
42.125
40.499999
40.125
41.125
39.000001
39.875001
38.625
36.375001
35.374999
33.375
32.9375
33.750001
32.749999
32.875001
32.25
32.6875
32.6875
33.937499
33.375
34.312501
36.3125
34.125
32.000001
34.5625
35.062501
35.875
36.124999
35.5625
36.4375
35.500001
35.187501
35.75
35.937501
34.937499
33.125
35.75
36.1875
37.687501
37.874999
38.375
38.562501
37.375001
37.5
36.812501
36.4375
35.249999
37.999999
36.062501
36.75
36.875
36.75
37.9375
36.687499
37.124999
36.249999
39.749999
38.0625
37.5
31.749999
30.999999
32.375
33.6875
34
35.500001
36.75
38.749999
39.0625
39.749999
38.1875
37.874999
37.250001
37.124999
35.687499
36.062501
36.062501
38.625
36.75
38.250001
38.5
36.249999
38.0625
37.999999
35.500001
35
35.500001
31.375
34.750001
37.124999
39.25
39.875001
42.374999
43.4375
40.000001
41
43.500001
42.4375
41
40.6875
39.9375
39.749999
37.75
36.3125
37.1875
35.062501
33.750001
35.500001
34.25
36.625
35.812499
33.750001
34.062499
34.25
35.374999
34.812499
34.937499
36.124999
36.562499
37.250001
37.874999
33.6875
33.937499
31.9375
32.187499
32.9375
30.75
30.375001
29.500001
29.687499
28.875
28.625001
28.249999
28.500001
28.5625
27.749999
27.4375
27
27.375001
27.749999
28
27.6875
27.25
27.625
28.187501
28
27.375001
27
26.874999
26.625
27.125
26.437499
26.500001
27.5
26.75
25.6875
28.062501
28.75
29.562499
29.625
28.937501
29.375001
30.0625
30.375001
30.0625
30.562499
30.874999
30.0625
30.562499
29.875
29.249999
28.875
27.5
27.375001
26.937501
27.875
26.75
27.749999
27.4375
28.75
29.062501
27.625
28.5625
29.249999
27.1875
26.375
25.625001
25.0625
25.25
25.8125
27
27.125
27.312499
27.4375
27.4375
26.75
26.625
26.75
27.625
26.375
25.9375
26.6875
26.874999
25.999999
26.500001
27.125
27.25
26.125
25.124999
23.000001
23.75
23.875001
23.25
22.875
21.875
23.5625
23.3125
22.3125
21.3125
21.3125
20.125
20.5
20.875
19.5625
19.500001
19.1875
19.125
19.500001
19.125
18.375
18.375
18.25
18.0625
17.687499
18.5
18.3125
18.9375
19.1875
19.1875
19.437499
19.375
18.6875
18.75
19.062501
19.437499
19.1875
19.874999
18.625001
17.4375
18.124999
17.4375
18.8125
15.937499
16.5
13.625
13.125
13
13.3125
13.0625
13
13.125
13.875
13.5625
14
14.3125
14
14.125
14.75
14.4375
15.062499
15.499999
15.562501
15.562501
16.000001
16.0625
17.375
17.687499
17.625
17.375
17.687499
17.5625
18.625001
18.187501
17.875
18.5
18.875
18.25
18
18.0625
18.999999
21
18.875
18.875
18.25
17.750001
17.5625
17.375
17.0625
18.4375
16.000001
16.75
18.124999
18
19.062501
18.875
20.125
21.125
21.125
22.125001
22.6875
22.75
21.5
21.250001
21.75
21.875
22.1875
22
21.4375
21.687501
22
21.687501
21.5
21.3125
21.687501
22.25
22.125001
22.1875
21.5
22
22.062499
21.875
22.1875
22.875
21.75
21.3125
22.25
22.625
22.562501
22.375
22
21.8125
22.125001
22.375
22.625
23.625
23.437501
24.5
24.4375
23.6875
23.3125
23.125
23.625
22.25
24.0625
26.3125
27.812501
28.75
25.25
19.937501
19.1875
17.625
17.375
16.9375
16.437501
16.437501
15.875
16.125
16.75
16.374999
17.5625
17.875
17
15.8125
15.75
15.25
13.375
12.875
13.8125
13.875
13.9375
13.125
13.25
13.9375
14.75
14.687501
15.125001
15.3125
15.4375
15.499999
15.6875
16.000001
16.125
15.562501
15.875
16.0625
16.374999
16.3125
16.75
16.6875
16.625
16.625
16.625
16.75
17
16.5
17.125
17.375
16.75
16.625
16.75
17.125
17
17.5
17.5
17.750001
17.875
17.5
17.249999
17
16.625
16.875001
17
17
17
16.875001
17
18
17.750001
17.625
18.5
18.375
18.124999
18.625001
19.125
18.25
18.625001
19.125
18.375
18.875
18.999999
19.25
19.625
19.75
19.125
18.5
17.875
17.625
18.625001
17.5
16.374999
16.625
16.5
17.5
16.000001
16.374999
16.374999
16.25
16.374999
16.374999
16.25
16.625
16.625
16.75
17
16.625
16.25
16.5
16.875001
17
17
17
16.25
16.875001
17.625
17.875
16.625
16.25
15.75
15.75
15.875
16.125
16.5
15.25
15.25
16.25
16.875001
16.625
16.75
16.625
17
17.125
17.249999
17.249999
17.375
17
16.875001
16.75
17.125
18
18.375
18.5
17.625
17.750001
18.25
18.124999
17.625
21.125
21.125
21.375
23.125
22.875
23.25
23.25
24
22.499999
23.000001
22.75
22.375
23.5
23.75
24.125
23.75
24.875
25.25
24.375
25
25.124999
25.25
24.125
24.5
24.125
24.875
25.375
24.5
24.875
24.875
24.875
25
25.875
25.5
25.375
26.125
26.375
25.875
25.375
25.625001
24.5
24.375
23.374999
23.25
23.5
24.625
25.124999
24.875
25
24.750001
25.625001
26.500001
26.500001
27.5
25.25
25.75
24.5
24.375
23.875001
23.374999
23.5
23.000001
22.875
23.625
23.625
22
22.125001
22.25
22.375
22.499999
22.375
22.875
23.374999
23.625
23.000001
22.875
21.5
20.375001
21
21.5
22.125001
22.625
23.125
23.5
23.875001
24.125
24.750001
24.875
24.875
24.125
23.875001
23.000001
23.000001
23.5
23.875001
22.375
22.625
22.625
22.625
22.875
23.374999
22.25
22.375
21.75
21
21.624999
21.624999
22
21.250001
22.625
22
21.5
21.125
20
20.5
20.875
20.875
21.5
17.375
17.375
18.124999
18.375
18.75
19.125
19.500001
19.625
19.375
20.375001
21.375
21.125
20.875
20
20.625
22.125001
22.625
22.875
23.374999
23.125
23.625
24.125
24.750001
24.375
24.5
24.249999
24.375
24
25
25.375
24
25.875
25.625001
24.875
26.25
26.75
26.25
26.125
27.375001
28
27.875
28.374999
28.249999
27.875
27.749999
27.125
26.25
26.375
27.25
26.375
24.875
24.125
24.5
24.375
24.875
25
25
24.375
24.625
25.124999
25.25
24.625
25.375
25.875
25.875
25.5
25.875
26.125
26.125
24.875
23.875001
24.625
25.124999
25.625001
25.124999
24.249999
24.750001
23.25
24
25.5
25.25
25.5
25.75
26.375
25.9375
25.999999
25.875
25.875
25.999999
26.25
25.75
26.25
26.75
26.500001
27.25
27.625
27.5
28.875
29.875
29.999999
29.875
29.999999
29.375001
28
28.125
27.625
28.249999
28
28.125
27.875
27.5
29.75
29.249999
29.687499
28.875
27.5
27.749999
27
29
30.375001
31.749999
32.125001
33.750001
29.75
30.999999
32.875001
34.374999
34.374999
33.750001
34.750001
32.624999
32.5
34.625001
34.499999
31.625
32.375
32.000001
32.25
32.000001
32.125001
32.125001
32.5
32.624999
32.749999
33.499999
32.749999
35.125
35.500001
38.874999
38.250001
38.625
39.5
38.749999
38.749999
39.749999
38.5
40.125
37.999999
38.874999
40.125
39.375
40.624999
38.874999
38.625
38.749999
40.25
40.000001
40.875001
42
41
40.25
39.375
39.749999
39.749999
37.75
36.500001
36.75
36.875
36.625
35.249999
34.875
34.875
34.875
35.249999
35.500001
35.125
35.249999
35.875
36.999999
36.500001
36.249999
35.75
35
35.249999
34.374999
35.374999
36.75
36.249999
36.625
38.125001
37.75
37.999999
36.500001
37.5
37.75
38.250001
36.875
36.500001
37.250001
36.75
36.375001
37.375001
41.374999
42.875
44.5
44.874999
44.75
43.999999
43.875
43.500001
43
43.375001
43.249999
43
44.874999
45.874999
45.625
44.874999
44.375001
44.874999
44.874999
44.625
43.999999
43.875
43
42.875
43.124999
42.625001
43.625
44.124999
44.999999
44.124999
43.875
44.874999
45.5
46.749999
45.5
46.25
46.000001
43.999999
43
46.000001
47.000001
49
48.875
47.375
47.375
47.25
47.750001
48.625001
46.875001
46.5
46.875001
46.5
47.25
46.375
46.000001
47.375
48.25
48.750001
49
47.624999
46.000001
43.875
43.875
43.625
43.875
44.5
43.999999
43.625
43.375001
44.124999
43.625
42.374999
41.875
41.875
42.125
42.625001
43
43.249999
43.75
44.124999
42.500001
42.875
44.124999
43.75
43.124999
43.124999
40.875001
41.625001
41.499999
40.624999
39.875001
38.749999
38.250001
38.250001
38.250001
38.250001
37.999999
38.5
37.625
39.125001
39.000001
37.250001
37.124999
37.5
38.5
38.125001
39.25
38.250001
36.75
36.875
36.999999
37.250001
34.125
35.75
35.500001
35.125
34.625001
34
36.249999
37.625
37.375001
37.874999
36.249999
35.500001
35.125
35.500001
35.249999
35.500001
38.250001
39.624999
39.624999
39.875001
38.749999
39.875001
39.749999
39.749999
40.125
39.749999
38.5
38.250001
40.125
41.125
40.624999
42.625001
42.875
43.124999
43.249999
43.75
43.500001
43.625
42.125
41
40.375
40.750001
42
40.125
40.750001
40.499999
40.125
39.875001
40.875001
39.5
42.249999
41.875
47.000001
45.5
44.999999
44.5
44.874999
46.125001
46.125001
43.75
41.25
41.625001
41.625001
39.25
38.625
38.874999
39.375
39.25
39.125001
39.25
38.5
38.5
37.874999
39.125001
37.250001
37.250001
37.999999
36.500001
36.625
36.375001
35.875
36.875
37.5
36.999999
36.500001
36.500001
36.999999
38.375
37.999999
37.625
36.875
36.999999
37.75
40.000001
40.000001
40.875001
40.750001
42.500001
41.25
41.25
41.750001
42.75
40.624999
40.375
41.499999
41.750001
43.124999
42.875
42
42.374999
43.249999
42.625001
41.625001
42.75
40.750001
41.25
41
40.624999
40.875001
41.499999
42.625001
39.624999
41.374999
37.124999
36.124999
37.375001
33.624999
33.25
33.624999
34.125
33.750001
34
33.750001
33.875001
33.875001
34.25
34.499999
35.125
36.375001
35.875
35.125
35.625001
35.75
35.625001
35.75
36
35.625001
35.249999
35.249999
35.374999
36
35.249999
35.75
35.249999
34.25
34.750001
34.875
34.750001
34.750001
34.750001
34.875
34.374999
34.750001
34.374999
34.25
33.624999
33.499999
33.125
32.875001
33.125
32.749999
33.499999
33.624999
31.874999
30.999999
31.250001
31.749999
31.125001
31.625
26.625
27.375001
28.625001
28.125
28.234301
29.625
28.500001
27
27.125
26.500001
25.875
26.25
25.625001
26.375
26.25
26.75
26.25
25.25
25.124999
26.25
26.25
26.874999
26.25
25.999999
27.749999
27
27.25
26.375
27.125
25.625001
27.5
27.25
27.5
27.125
28.374999
28.500001
29.500001
30.250001
31.5
30.250001
30.999999
30.999999
31.749999
30.75
29.75
29.75
29.999999
29.75
30.5
30.999999
31.749999
32.25
32.25
33.25
30.999999
30.999999
29.999999
29.999999
30.999999
31.5
29.75
31.250001
28.500001
29.249999
29.75
30.5
31.250001
30.5
32.25
33.375
33.499999
33.750001
33.499999
34
33.750001
32.25
32.5
32.5
33.25
33.000001
34.750001
35.125
35.249999
35.249999
36.375001
36.75
36.75
37.5
38.250001
38.5
36.999999
37.250001
36.625
37.999999
36.999999
36
35.75
35.249999
36.75
36.249999
36.999999
36.999999
37.250001
36.249999
36.500001
37.250001
37.5
36.75
36.999999
36.249999
36.249999
35.75
36
33.499999
33.499999
33.000001
33.25
33.000001
33.499999
34.25
33.499999
33.750001
34.750001
33.25
33.25
29.500001
29.249999
30.250001
30.999999
30.75
29.999999
32.25
33.499999
33.000001
32.000001
33.750001
31.749999
30.250001
29.500001
29.75
28.500001
29.249999
28.75
27.749999
27.25
27.25
28.500001
29.249999
29.500001
29.500001
29
29.249999
28.249999
30.250001
31.749999
32.000001
32.000001
31.5
31.749999
31.749999
32.000001
31.749999
32.25
32.749999
32.749999
32.5
32.749999
33.000001
33.499999
34
32.000001
31.5
31.5
30.75
30.250001
30.999999
32.000001
31.874999
31.5
33.000001
31.250001
30.75
30.999999
31.749999
29.999999
29.75
30.250001
30.5
27.5
28
28.249999
28
27.749999
24
24.249999
24
22.75
23.25
23.5
23.75
23.000001
22.625
22.75
24
24.249999
24.750001
25
25
25.5
24.249999
24.750001
25.25
24.375
24.249999
24.5
24.249999
26.25
26.25
26.75
26.25
25.999999
25.999999
25.999999
26.500001
26.500001
26.500001
27
27.25
28
28.249999
28
27.749999
28.75
29
27.749999
27.5
26.500001
27.5
28.500001
29.500001
29.249999
29.249999
30.75
29.249999
29
28.249999
27.5
27
26.25
26.75
26.75
27
25.999999
25.999999
26.25
28
28.500001
37.250001
36.75
38.749999
36.75
36.999999
36.500001
37.5
38.250001
38.250001
39.000001
38.749999
40.25
40.499999
40.375
40.499999
41.750001
40.875001
40.499999
41.625001
42.500001
42.249999
45.250001
43.999999
44.999999
43.500001
44.999999
48.750001
54.499999
55.750001
57.000003
56.749997
56.499998
57.000003
57.75
56
56.749997
56.749997
58.750003
57.250002
54.750001
55.499999
55.499999
55.25
53.5
54.25
55
55
53.5
54.499999
53.000001
52.250001
51.250001
50.75
51.5
49.75
48.750001
49.249999
49.75
49.249999
50.249999
48.750001
48.499999
48.25
48.25
48.25
50.500001
49.500001
50
49
50
50
50.500001
51.250001
52.5
51.124999
52.250001
54.750001
53.749999
52.749999
53.25
53.5
55
55
56.499998
57.250002
56
56.749997
57.000003
56.749997
56.499998
55
54.750001
54.499999
54.000001
53.000001
53.000001
54.25
53.25
52.125001
55
55
55.25
55
53.25
53.5
55
55.750001
57.000003
57.000003
57.000003
59.250001
59.999998
61.000001
60.750002
59.250001
60.249997
59.999998
61.000001
60.500003
59.250001
60.249997
59.749999
59.749999
59.749999
59.5
61.000001
64.000003
61.499999
62.750001
61.999997
60.750002
61.749998
60.750002
57.999999
59.5
58.750003
59.749999
59.5
59.250001
59.999998
60.249997
59.749999
58.249998
57.500001
55.25
56.249999
56.749997
57.500001
57.250002
57.250002
57.75
57.75
56.749997
57.250002
56.499998
58.249998
57.250002
56.249999
56.499998
57.000003
57.000003
56.499998
58.499997
57.75
56
57.250002
56.249999
57.000003
57.000003
56.499998
55
56
54.750001
52.5
51.999999
52.5
52.5
53.5
52.250001
51.250001
51.5
48.750001
49.249999
48.499999
49.249999
49
49
46.749999
45.749999
45.250001
44.75
43.249999
43.500001
43.999999
44.999999
43.75
43.249999
44.5
44.75
44.999999
44.5
44.999999
46.25
47.25
46.000001
46.749999
46.749999
45.749999
47.25
47.750001
49.249999
49
49
48
48
46.749999
48.25
49
46.5
46.25
44.999999
44.250001
44.75
44.250001
43.249999
44.250001
44.75
44.75
44.625
44.5
44.250001
44.999999
44.5
43.75
44.5
43.249999
42
44.250001
45.5
44.999999
46.749999
47.25
47.25
46.624999
45.5
45.749999
44.5
44.5
45.250001
45.5
44.75
44.999999
47.750001
47.499999
47.000001
45.749999
46.000001
46.000001
43.999999
46.25
46.5
49
48
46.749999
45.749999
45.749999
46.5
45.5
44.999999
43.999999
46.000001
47.499999
49
51.75
54.000001
54.499999
53.749999
54.000001
54.25
55
54.750001
54.25
56.499998
57.500001
57.250002
59.749999
59.999998
59.250001
59.5
59.000002
60.249997
59.749999
60.750002
61.499999
61.000001
62.750001
62.500002
62.250003
61.999997
61.499999
61.499999
60.750002
60.500003
59.5
59.999998
57.250002
54.25
55.25
56
57.000003
57.500001
56.249999
57.000003
59.000002
60.249997
57.999999
57.75
55.499999
57.250002
56
57.000003
61.000001
59.000002
58.750003
59.000002
57.250002
58.249998
61.25
63.875
64.75
64.999999
63.499998
63
63
63.749997
63.249999
63.499998
62.750001
63.249999
63.249999
63.749997
64.000003
63.749997
63.499998
64.500001
66.250001
67.750002
67.750002
68.499999
70
68.25
66.250001
66.250001
64.75
62.500002
62.750001
64.250002
63.749997
65.249998
63.749997
63
64.000003
64.250002
65.750003
66.250001
65.750003
64.75
64.000003
63.499998
64.75
64.75
64.75
64.500001
64.250002
61.499999
64.250002
64.500001
67.750002
63.749997
64.500001
62.250003
62.250003
61.499999
60.500003
58.499997
57.500001
58.750003
59.999998
55.750001
57.374998
55
54.750001
52.749999
51.999999
50.500001
51.250001
51.250001
50.249999
50.500001
50.375001
49.75
49.374999
49.249999
49
49
49.500001
50.500001
50.75
51.999999
50.75
50.500001
51.250001
51.5
50.999999
50.999999
50.500001
51.250001
51.75
50
54.499999
54.25
54.000001
54.25
53.5
51.250001
48.499999
49
49.75
50.75
51.250001
50.75
51.999999
51.5
51.5
51.75
53.000001
55
55.499999
55.25
55.125
53.000001
52.5
50.500001
49
48.125
48.750001
48.25
48.125
48
48
50
51.75
49.249999
49.249999
50
50.249999
50.249999
49.500001
50
49.75
50.249999
48.750001
47.000001
49.249999
50
51.250001
50.75
52.749999
51.75
50.999999
51.5
52.749999
52.749999
53.000001
53.25
54.000001
53.000001
53.000001
54.000001
54.000001
52.5
51.5
49.500001
52.749999
55
54.750001
51.999999
50.75
50.500001
50.75
49.500001
48.750001
49.75
49.75
46.000001
46.5
45.5
45.250001
45.749999
45.250001
45.250001
46.25
45.749999
45.250001
43.999999
43.500001
45.5
46.749999
47.25
47.000001
47.499999
47.25
45.250001
43
42.249999
42.249999
42.249999
42.249999
42.500001
42.75
42
41.750001
42
41.25
41.750001
42.249999
41
42.75
42.500001
43.999999
44.999999
46.000001
46.25
48.25
49.249999
49.500001
47.000001
47.499999
47.000001
46.25
46.000001
45.5
46.5
45.749999
45.250001
47.25
48.750001
50.999999
51.5
52.749999
52.250001
51.5
50
50.75
50.999999
48.499999
49
47.750001
48
57.75
58.499997
58.499997
59.749999
61.749998
62.250003
59.5
61.000001
62.750001
64.999999
63.249999
61.749998
71.500001
67.750002
68.499999
69.750001
69.250003
71.75
70
72.499997
68.999997
68.000001
69.250003
70
64.75
63.499998
64.000003
68.25
69.250003
66.5
65.750003
65.750003
66.749999
62.750001
63
64.500001
67.750002
63.499998
64.000003
59.000002
57.999999
57.000003
58.249998
58.249998
57.500001
60.249997
59.000002
61.25
59.5
57.500001
57.250002
59.999998
59.999998
61.000001
59.999998
57.500001
57.000003
57.75
55.25
55.750001
55.499999
55.499999
53.25
54.25
53.25
51.999999
51.5
51.250001
50.999999
49.75
48.750001
52.5
47.000001
46.5
46.000001
47.000001
45.749999
44.250001
43.75
43
43
43.500001
42.75
43
43.249999
43.249999
43.999999
44.75
44.250001
41.25
42.500001
41
39.000001
40.25
39.5
39.749999
41.25
42.249999
41
41.25
38.5
37.5
37.250001
36.249999
36.999999
37.75
36.999999
36
36.249999
35.249999
36.500001
35.500001
35.75
36.75
35.75
36.249999
35.500001
35
33.000001
33.499999
33.499999
32.25
30.5
30.5
30.5
29.75
30.250001
29.75
30.250001
30.75
30.999999
31.5
31.250001
26.500001
25.25
27.5
28.500001
28.249999
26.75
27.25
28.500001
28.75
27
26.75
29.75
30.999999
29.500001
28.500001
29.999999
29.999999
30.5
31.5
32.000001
32.25
33.25
33.750001
34
33.499999
34.499999
34.499999
36
36.999999
35.500001
35.500001
37.250001
36.500001
36
37.250001
37.999999
37.5
36.75
35.249999
34.25
36.999999
35.75
36.500001
38.5
39.000001
40.000001
40.000001
37.999999
38.749999
40.25
39.5
40.25
39.000001
43.500001
41.25
42
42.500001
40.750001
41.25
42.249999
42
42
41
42
40.750001
44.5
45.749999
46.749999
47.499999
46.749999
46.749999
47.000001
44.999999
43.500001
43.75
43.875
44.5
43
42.75
40.750001
41.750001
41.499999
42
40.000001
39.875001
39.000001
39.25
39.749999
40.000001
40.375
39.125001
37.75
38.5
39.5
39.000001
41
40.750001
41.374999
41.499999
41.625001
40.000001
39.5
42.249999
41.25
40.125
39.5
41.25
41.750001
41.750001
41.374999
42.75
41.374999
41.750001
41.625001
41
39.749999
40.000001
39.749999
39.749999
39.749999
39.25
39.000001
39.000001
38.749999
40.000001
40.25
40.875001
41.750001
43.249999
43.249999
43.500001
43
41.499999
41.25
39.749999
40.25
41
41.499999
40.499999
40.000001
40.000001
41
42
42
42.500001
41.25
41.750001
41.25
42.249999
40.499999
40.000001
36.500001
36.75
36.500001
37.250001
36.75
35.75
35
35
33.499999
33.499999
33.499999
33.499999
34
33.000001
32.749999
34
32.749999
33.499999
34.25
33.750001
34.499999
34
34.25
33.499999
33.25
33.000001
34.750001
34.25
33.25
34.499999
34.499999
33.25
33.000001
34
34.25
32.5
33.750001
34
33.750001
33.000001
34.750001
33.499999
34.499999
34.25
36.249999
37.625
37.999999
37.5
37.75
38.250001
37.999999
35.249999
34.750001
35
35.500001
36.75
36.249999
35.75
35.75
34.499999
33.750001
34.750001
35.75
36
39.25
41
42.500001
42.249999
44.999999
45.250001
43.75
44.5
43.75
43.500001
43.75
44.75
44.75
45.5
45.250001
44.999999
44.5
44.5
44.999999
46.5
46.5
45.749999
44.999999
44.250001
43.249999
43.500001
43.999999
44.999999
46.25
45.749999
45.5
45.250001
45.5
47.750001
46.25
48
47.750001
48.25
46.5
46.000001
44.75
48.750001
49
48.750001
49.75
48
46.25
44.5
43.75
44.250001
44.5
45.250001
44.999999
44.250001
44.999999
44.75
44.75
44.999999
43.999999
44.250001
44.5
44.999999
44.999999
46.25
45.5
44.75
44.75
44.75
44.75
44.5
44.5
44.5
43.999999
44.75
44.5
43.999999
43.75
43
42
42.249999
41.750001
40.25
41.499999
40.750001
41.499999
43.999999
43.999999
43.999999
43.500001
43
41.25
40.499999
39.749999
39.749999
39.25
39.25
38.250001
38.250001
39.25
39.749999
39.749999
40.750001
39.5
40.750001
40.750001
40.750001
40.000001
39.749999
40.750001
41
41.25
40.750001
40.499999
41.750001
40.499999
41
42.249999
43.75
43.999999
43.249999
42.500001
43
43.999999
44.5
44.75
49.500001
49
47.499999
46.749999
47.25
48.499999
46.749999
46.749999
48.750001
48.499999
47.750001
47.499999
48.25
48.25
47.25
45.250001
46.000001
45.749999
44.75
45.250001
45.250001
46.000001
44.75
44.5
43.249999
43
42
41.499999
42.500001
40.25
39.749999
39.000001
38.5
39.25
39.5
40.000001
40.000001
40.000001
40.499999
40.750001
40.000001
39.5
38.5
39.000001
38.749999
38.250001
37.5
37.250001
36
34.750001
34.499999
34.499999
35.500001
35
34.25
34
34
34.25
34
34.25
35.500001
35
34.499999
35
35.249999
35
35
34.499999
35.249999
35.625001
35.500001
35
35.249999
35.75
36.249999
36.500001
36
36.999999
36.500001
37.250001
36.875
36.249999
36.249999
35.75
36.875
36.75
38.250001
38.250001
39.000001
38.250001
39.5
40.000001
39.5
37.75
37.250001
37.625
38.250001
40.750001
41.750001
41
40.750001
40.499999
40.499999
40.750001
43.249999
43.249999
42.75
42.249999
42.249999
42.500001
43
42.249999
42
40.750001
40.25
40.499999
40.25
40.499999
41
41
41.750001
41
41
40.25
39.5
40.000001
38.5
38.5
39.25
39.25
39.25
39.000001
39.25
39.5
38.250001
37.75
36.75
36.500001
36.500001
36.249999
35.75
36.500001
37.5
38.5
37.999999
39.000001
39.000001
38.749999
39.000001
39.5
38.250001
37.5
37.250001
36.75
37.250001
38.250001
38.5
38.749999
39.000001
38.749999
40.000001
40.25
41.25
41.25
40.000001
39.749999
39.000001
38.5
39.5
38.5
38.5
38.250001
39.5
39.000001
40.499999
41.25
42.249999
43
43.999999
43.75
43.500001
42.500001
43.75
43.500001
43
41.750001
41.750001
42
41.499999
42
41.750001
40.25
41
38.749999
38.250001
39.000001
40.000001
39.5
39.749999
41
40.750001
40.750001
40.000001
40.25
39.749999
39.749999
40.25
42.500001
42
42.500001
41
42.249999
43
42.249999
43.75
43.999999
44.5
44.5
44.75
44.75
44.999999
44.5
43.249999
42.500001
42.75
42.75
42.75
43
43.75
44.75
44.999999
45.375
44.999999
44.75
44.75
44.999999
45.5
45.5
46.5
47.125
46.5
46.5
46.25
46.000001
44.75
44.5
44.999999
45.749999
45.5
43.999999
44.375001
44.75
44.999999
45.250001
45.250001
44.999999
43.500001
44.999999
44.250001
43.75
42.75
41.750001
42
41.499999
40.000001
39.25
38.5
39.000001
37.999999
38.5
39.25
39.5
40.499999
41.499999
40.499999
40.25
39.5
40.25
40.499999
41.25
41.625001
42
41.875
41
40.750001
41.25
41.750001
41.750001
41
40.25
39.749999
40.375
40.25
40.125
39.749999
39.749999
40.499999
41.750001
41.750001
41.750001
40.750001
41.750001
39.5
39.25
39.749999
39.749999
40.750001
41.499999
40.000001
40.750001
41.750001
43.999999
43.999999
44.375001
44.999999
46.25
44.874999
46.000001
45.749999
45.5
47.000001
46.25
46.749999
46.749999
46.000001
44.5
43.75
43.249999
41.750001
42
42
42.75
43.249999
41.499999
41.750001
41.625001
41.25
41
40.624999
41
39.749999
39.000001
38.5
40.000001
39.5
41
41.499999
41.750001
41.499999
40.000001
40.25
40.750001
39.5
40.499999
40.499999
43
42.249999
43
43.500001
42.75
42
43
40.000001
44.5
43.500001
44.999999
46.000001
42.75
42.500001
42.500001
40.499999
42.249999
42
41.750001
41.750001
40.499999
39.5
40.499999
37.75
37.75
34.499999
34.750001
33.750001
34.499999
33.499999
30.999999
30.250001
33.000001
33.25
33.499999
33.750001
36.249999
36.999999
36.75
35.500001
34
36.500001
35.75
36.75
37.75
39.25
38.5
37.250001
36.500001
36.999999
38.250001
36.249999
35.500001
37.999999
38.749999
40.000001
34.25
30.75
29.500001
34.499999
35.75
39.25
38.5
38.5
48.25
52.250001
53.25
53.749999
54.499999
54.25
54.25
55.499999
55.499999
59.5
58.499997
58.249998
56.749997
54.25
56
57.500001
56.749997
55.25
54.125
50.500001
51.75
51.999999
51.999999
51.75
53.000001
54.750001
54.000001
53.25
50.249999
50.249999
51.250001
52.5
51.999999
54.750001
52.250001
51.999999
52.250001
53.000001
52.749999
53.000001
51.75
50.249999
49.500001
49.249999
49.500001
48.499999
48.750001
49.500001
49.500001
48.25
46.25
43.249999
42.249999
40.499999
41
41.25
41
42
42.500001
42.500001
41.499999
43
41.499999
42
43
44.250001
43.999999
43
41
39.000001
37.999999
37.250001
39.25
40.499999
40.750001
40.000001
40.750001
40.499999
40.499999
40.750001
42
41.499999
42
41.25
41.499999
40.25
41.499999
41.499999
78.999999
78.999999
78.500001
78.75
77.499998
77.749997
78.75
78.000003
77.249999
77.499998
79.499997
80.250001
79.499997
78.000003
74.500003
75.000001
74.750002
73.000002
75.749998
78.250002
79.249998
78.250002
75.749998
75.999997
77
80.5
79.750003
80.5
80.000002
79.499997
79.499997
78.000003
77.249999
75.749998
74.249997
75.749998
74.249997
76.624998
70.249999
71.500001
71.250002
69.500002
66.749999
70
71.250002
68.749998
67.750002
69.750001
71.500001
71.500001
68.25
63
62.250003
63.499998
67.249997
66.749999
66.5
67.750002
68.000001
68.25
65.750003
67.249997
65.499997
63.499998
65.249998
66.000002
67.249997
64.500001
66.5
67.249997
67.500003
65.750003
67.500003
70.249999
69.125
69.500002
65.499997
63.249999
60.874998
62.374999
63.499998
66.625003
62.125
58.625
57.000003
53.000001
52.5
52.874999
54.000001
55
55.499999
56
55.499999
54.000001
55.875
53.000001
50
50
52.5
48.875
50.875
55
48.750001
50
48.25
44.625
45.125001
45.5
44.75
44.75
43.875
43.124999
41.25
40.375
41
40.499999
41
41.875
42
42.249999
42
41.374999
41.125
42.374999
41.625001
41
42.875
43.625
42.374999
42.374999
43.625
42.625001
42.625001
41.625001
40.499999
40.000001
40.499999
40.125
37.999999
36.249999
35.249999
34.875
35.125
36.375001
35.249999
35.500001
36.500001
35.75
35.500001
35.875
36
36.625
35.75
34.875
34.750001
34.25
33.499999
33.499999
34
33.499999
33.125
32.5
32.749999
33.000001
33.499999
33.750001
33.375
33.499999
34.625001
33.125
32.875001
32.749999
32.875001
34
33.750001
34.374999
33.750001
33.375
32.875001
33.624999
34.125
35.125
36.124999
35.249999
33.499999
33.750001
34.25
34.875
33.125
32.25
32.5
34.625001
35.625001
34.625001
35
35.625001
35
34.750001
37.124999
37.625
36.999999
36.625
36.375001
36.500001
35.875
36.124999
35.249999
35.125
35.75
36.124999
36
34.25
33.375
31.874999
31.874999
31.125001
32.125001
31.625
31.375
31.125001
30.5
31.250001
32.25
33.875001
33.125
34.25
34.625001
33.499999
33.000001
32.25
33.499999
35.500001
35
37.124999
35.374999
34.750001
34.25
35.249999
37.625
36.124999
35.374999
35.875
35.875
36.249999
35.875
35
34.750001
36
35
34.25
34.25
35.875
36.375001
36
36.124999
36
36
37.75
38.874999
38.749999
37.874999
37.124999
36.999999
36.999999
37.250001
36.875
36.999999
36.75
36.999999
35.374999
35.625001
36
36
36.875
36
36.375001
33.375
33.000001
31.5
32.624999
32.25
30.5
30.250001
30.250001
31.250001
32.000001
32.25
31.375
29.625
29.875
30.375001
29.875
29
28.249999
27.375001
26.874999
27
27.25
27.125
27.625
27.25
26.75
27
27.25
27.25
28.249999
28.249999
28.249999
27.875
26.75
27.625
28.249999
28
26.874999
25.999999
25.999999
24.750001
24.750001
